1037038.992593 259259.059259 0.000000 0.000000 0.000000 0.000000 0.000000 0.000000 0.000000 -1185186.251852 -296296.651852 0.000000 0.000000 0.000000 0.000000 0.000000 0.000000 0.000000 148148.148148 37037.148148 0.000000 0.000000 0.000000 0.000000 0.000000 0.000000 0.000000
259259.059259 296297.540741 259259.059259 -18518.551852 0.000000 0.000000 0.000000 0.000000 0.000000 -296296.651852 -148148.548148 -296296.651852 -74073.962963 0.000000 0.000000 0.000000 0.000000 0.000000 37037.148148 -148148.214815 37037.148148 92592.570370 0.000000 0.000000 0.000000 0.000000 0.000000
0.000000 259259.059259 1037038.992593 259259.059259 0.000000 0.000000 0.000000 0.000000 0.000000 0.000000 -296296.651852 -1185186.251852 -296296.651852 0.000000 0.000000 0.000000 0.000000 0.000000 0.000000 37037.148148 148148.148148 37037.148148 0.000000 0.000000 0.000000 0.000000 0.000000
0.000000 -18518.551852 259259.059259 296297.540741 259259.059259 -18518.551852 0.000000 0.000000 0.000000 0.000000 -74073.962963 -296296.651852 -148148.548148 -296296.651852 -74073.962963 0.000000 0.000000 0.000000 0.000000 92592.570370 37037.148148 -148148.214815 37037.148148 92592.570370 0.000000 0.000000 0.000000
0.000000 0.000000 0.000000 259259.059259 1037038.992593 259259.059259 0.000000 0.000000 0.000000 0.000000 0.000000 0.000000 -296296.651852 -1185186.251852 -296296.651852 0.000000 0.000000 0.000000 0.000000 0.000000 0.000000 37037.148148 148148.148148 37037.148148 0.000000 0.000000 0.000000
0.000000 0.000000 0.000000 -18518.551852 259259.059259 296297.540741 259259.059259 -18518.551852 0.000000 0.000000 0.000000 0.000000 -74073.962963 -296296.651852 -148148.548148 -296296.651852 -74073.962963 0.000000 0.000000 0.000000 0.000000 92592.570370 37037.148148 -148148.214815 37037.148148 92592.570370 0.000000
0.000000 0.000000 0.000000 0.000000 0.000000 259259.059259 1037038.992593 259259.059259 0.000000 0.000000 0.000000 0.000000 0.000000 0.000000 -296296.651852 -1185186.251852 -296296.651852 0.000000 0.000000 0.000000 0.000000 0.000000 0.000000 37037.148148 148148.148148 37037.148148 0.000000
0.000000 0.000000 0.000000 0.000000 0.000000 -18518.551852 259259.059259 296297.540741 259259.059260 0.000000 0.000000 0.000000 0.000000 0.000000 -74073.962963 -296296.651852 -148148.548148 -296296.651852 0.000000 0.000000 0.000000 0.000000 0.000000 92592.570370 37037.148148 -148148.214815 37037.148148
0.000000 0.000000 0.000000 0.000000 0.000000 0.000000 0.000000 259259.059260 1037038.992593 0.000000 0.000000 0.000000 0.000000 0.000000 0.000000 0.000000 -296296.651852 -1185186.251852 0.000000 0.000000 0.000000 0.000000 0.000000 0.000000 0.000000 37037.148148 148148.148147
-1185186.251852 -296296.651852 0.000000 0.000000 0.000000 0.000000 0.000000 0.000000 0.000000 2370376.059259 592591.525926 0.000000 0.000000 0.000000 0.000000 0.000000 0.000000 0.000000 -1185186.251852 -296296.651852 0.000000 0.000000 0.000000 0.000000 0.000000 0.000000 0.000000
-296296.651852 -148148.548148 -296296.651852 -74073.962963 0.000000 0.000000 0.000000 0.000000 0.000000 592591.525926 296300.207407 592591.525926 148148.148148 0.000000 0.000000 0.000000 0.000000 0.000000 -296296.651852 -148148.548148 -296296.651852 -74073.962963 0.000000 0.000000 0.000000 0.000000 0.000000
0.000000 -296296.651852 -1185186.251852 -296296.651852 0.000000 0.000000 0.000000 0.000000 0.000000 0.000000 592591.525926 2370376.059259 592591.525926 0.000000 0.000000 0.000000 0.000000 0.000000 0.000000 -296296.651852 -1185186.251852 -296296.651852 0.000000 0.000000 0.000000 0.000000 0.000000
0.000000 -74073.962963 -296296.651852 -148148.548148 -296296.651852 -74073.962963 0.000000 0.000000 0.000000 0.000000 148148.148148 592591.525926 296300.207407 592591.525926 148148.148148 0.000000 0.000000 0.000000 0.000000 -74073.962963 -296296.651852 -148148.548148 -296296.651852 -74073.962963 0.000000 0.000000 0.000000
0.000000 0.000000 0.000000 -296296.651852 -1185186.251852 -296296.651852 0.000000 0.000000 0.000000 0.000000 0.000000 0.000000 592591.525926 2370376.059259 592591.525926 0.000000 0.000000 0.000000 0.000000 0.000000 0.000000 -296296.651852 -1185186.251852 -296296.651852 0.000000 0.000000 0.000000
0.000000 0.000000 0.000000 -74073.962963 -296296.651852 -148148.548148 -296296.651852 -74073.962963 0.000000 0.000000 0.000000 0.000000 148148.148148 592591.525926 296300.207407 592591.525926 148148.148148 0.000000 0.000000 0.000000 0.000000 -74073.962963 -296296.651852 -148148.548148 -296296.651852 -74073.962963 0.000000
0.000000 0.000000 0.000000 0.000000 0.000000 -296296.651852 -1185186.251852 -296296.651852 0.000000 0.000000 0.000000 0.000000 0.000000 0.000000 592591.525926 2370376.059259 592591.525926 0.000000 0.000000 0.000000 0.000000 0.000000 0.000000 -296296.651852 -1185186.251852 -296296.651852 0.000000
0.000000 0.000000 0.000000 0.000000 0.000000 -74073.962963 -296296.651852 -148148.548148 -296296.651852 0.000000 0.000000 0.000000 0.000000 0.000000 148148.148148 592591.525926 296300.207407 592591.525926 0.000000 0.000000 0.000000 0.000000 0.000000 -74073.962963 -296296.651852 -148148.548148 -296296.651852
0.000000 0.000000 0.000000 0.000000 0.000000 0.000000 0.000000 -296296.651852 -1185186.251852 0.000000 0.000000 0.000000 0.000000 0.000000 0.000000 0.000000 592591.525926 2370376.059259 0.000000 0.000000 0.000000 0.000000 0.000000 0.000000 0.000000 -296296.651852 -1185186.251852
148148.148148 37037.148148 0.000000 0.000000 0.000000 0.000000 0.000000 0.000000 0.000000 -1185186.251852 -296296.651852 0.000000 0.000000 0.000000 0.000000 0.000000 0.000000 0.000000 1037038.992593 259259.059259 0.000000 0.000000 0.000000 0.000000 0.000000 0.000000 0.000000
37037.148148 -148148.214815 37037.148148 92592.570370 0.000000 0.000000 0.000000 0.000000 0.000000 -296296.651852 -148148.548148 -296296.651852 -74073.962963 0.000000 0.000000 0.000000 0.000000 0.000000 259259.059259 296297.540741 259259.059259 -18518.551852 0.000000 0.000000 0.000000 0.000000 0.000000
0.000000 37037.148148 148148.148148 37037.148148 0.000000 0.000000 0.000000 0.000000 0.000000 0.000000 -296296.651852 -1185186.251852 -296296.651852 0.000000 0.000000 0.000000 0.000000 0.000000 0.000000 259259.059259 1037038.992593 259259.059259 0.000000 0.000000 0.000000 0.000000 0.000000
0.000000 92592.570370 37037.148148 -148148.214815 37037.148148 92592.570370 0.000000 0.000000 0.000000 0.000000 -74073.962963 -296296.651852 -148148.548148 -296296.651852 -74073.962963 0.000000 0.000000 0.000000 0.000000 -18518.551852 259259.059259 296297.540741 259259.059259 -18518.551852 0.000000 0.000000 0.000000
0.000000 0.000000 0.000000 37037.148148 148148.148148 37037.148148 0.000000 0.000000 0.000000 0.000000 0.000000 0.000000 -296296.651852 -1185186.251852 -296296.651852 0.000000 0.000000 0.000000 0.000000 0.000000 0.000000 259259.059259 1037038.992592 259259.059259 0.000000 0.000000 0.000000
0.000000 0.000000 0.000000 92592.570370 37037.148148 -148148.214815 37037.148148 92592.570370 0.000000 0.000000 0.000000 0.000000 -74073.962963 -296296.651852 -148148.548148 -296296.651852 -74073.962963 0.000000 0.000000 0.000000 0.000000 -18518.551852 259259.059259 296297.540741 259259.059259 -18518.551852 0.000000
0.000000 0.000000 0.000000 0.000000 0.000000 37037.148148 148148.148148 37037.148148 0.000000 0.000000 0.000000 0.000000 0.000000 0.000000 -296296.651852 -1185186.251852 -296296.651852 0.000000 0.000000 0.000000 0.000000 0.000000 0.000000 259259.059259 1037038.992593 259259.059259 0.000000
0.000000 0.000000 0.000000 0.000000 0.000000 92592.570370 37037.148148 -148148.214815 37037.148148 0.000000 0.000000 0.000000 0.000000 0.000000 -74073.962963 -296296.651852 -148148.548148 -296296.651852 0.000000 0.000000 0.000000 0.000000 0.000000 -18518.551852 259259.059259 296297.540741 259259.059259
0.000000 0.000000 0.000000 0.000000 0.000000 0.000000 0.000000 37037.148148 148148.148147 0.000000 0.000000 0.000000 0.000000 0.000000 0.000000 0.000000 -296296.651852 -1185186.251852 0.000000 0.000000 0.000000 0.000000 0.000000 0.000000 0.000000 259259.059259 1037038.992593
