-948.101135 23349.693090 4.731273 0.000000 0.000000 0.000000 0.000000 0.000000 0.000000 0.000000 946.254599 0.000000 0.000000 0.000000 0.000000 0.000000 0.000000 0.000000 0.000000 0.000000 0.000000 0.000000 0.000000 0.000000 0.000000 0.000000 0.000000 0.000000 0.000000 0.000000
-7178501.646000 -24613410.870000 35670.210950 0.000000 0.000000 0.000000 0.000000 0.000000 0.000000 0.000000 7134042.191000 0.000000 0.000000 0.000000 0.000000 0.000000 0.000000 0.000000 0.000000 0.000000 0.000000 0.000000 0.000000 0.000000 0.000000 0.000000 0.000000 0.000000 0.000000 0.000000
4.731273 -3005.164596 -3120.860678 29953.986350 15.522076 0.000000 0.000000 0.000000 0.000000 0.000000 0.000000 0.000000 3104.415110 0.000000 0.000000 0.000000 0.000000 0.000000 0.000000 0.000000 0.000000 0.000000 0.000000 0.000000 0.000000 0.000000 0.000000 0.000000 0.000000 0.000000
35742.618540 12934346.290000 -3250082.045000 -10035133.800000 15956.339430 0.000000 0.000000 0.000000 0.000000 0.000000 0.000000 0.000000 3191267.887000 0.000000 0.000000 0.000000 0.000000 0.000000 0.000000 0.000000 0.000000 0.000000 0.000000 0.000000 0.000000 0.000000 0.000000 0.000000 0.000000 0.000000
0.000000 0.000000 15.522076 -7865.886346 -5972.082886 17473.258330 29.661271 0.000000 0.000000 0.000000 0.000000 0.000000 0.000000 0.000000 5932.254297 0.000000 0.000000 0.000000 0.000000 0.000000 0.000000 0.000000 0.000000 0.000000 0.000000 0.000000 0.000000 0.000000 0.000000 0.000000
0.000000 0.000000 16287.803340 6333090.492000 -1639583.463000 -4118217.088000 8048.145444 0.000000 0.000000 0.000000 0.000000 0.000000 0.000000 0.000000 1609629.089000 0.000000 0.000000 0.000000 0.000000 0.000000 0.000000 0.000000 0.000000 0.000000 0.000000 0.000000 0.000000 0.000000 0.000000 0.000000
0.000000 0.000000 0.000000 0.000000 29.661271 -270.760074 -5947.545988 11.788390 29.419952 0.000000 0.000000 0.000000 0.000000 0.000000 0.000000 0.000000 5883.990349 0.000000 0.000000 0.000000 0.000000 0.000000 0.000000 0.000000 0.000000 0.000000 0.000000 0.000000 0.000000 0.000000
0.000000 0.000000 0.000000 0.000000 8700.091755 -73466.724480 -1374063.516000 -6047.227090 6790.957951 0.000000 0.000000 0.000000 0.000000 0.000000 0.000000 0.000000 1358191.590000 0.000000 0.000000 0.000000 0.000000 0.000000 0.000000 0.000000 0.000000 0.000000 0.000000 0.000000 0.000000 0.000000
0.000000 0.000000 0.000000 0.000000 0.000000 0.000000 29.419952 0.000000 -5971.357353 18213.815350 0.000000 0.000000 0.000000 0.000000 0.000000 0.000000 0.000000 0.000000 5949.181950 0.000000 0.000000 0.000000 0.000000 0.000000 0.000000 0.000000 0.000000 0.000000 0.000000 0.000000
0.000000 0.000000 0.000000 0.000000 0.000000 0.000000 6790.957967 707.303210 -1332369.206000 -2505984.762000 0.000000 0.000000 0.000000 0.000000 0.000000 0.000000 0.000000 0.000000 1318253.110000 0.000000 0.000000 0.000000 0.000000 0.000000 0.000000 0.000000 0.000000 0.000000 0.000000 0.000000
946.254599 -3680.715121 0.000000 0.000000 0.000000 0.000000 0.000000 0.000000 0.000000 0.000000 -2780.743779 25797.297290 4.406054 0.000000 0.000000 0.000000 0.000000 0.000000 0.000000 0.000000 1835.855946 0.000000 0.000000 0.000000 0.000000 0.000000 0.000000 0.000000 0.000000 0.000000
7134130.875000 6149543.185000 0.000000 0.000000 0.000000 0.000000 0.000000 0.000000 0.000000 0.000000 -7718209.742000 -9240718.421000 1380.782932 0.000000 0.000000 0.000000 0.000000 0.000000 0.000000 0.000000 575326.221800 0.000000 0.000000 0.000000 0.000000 0.000000 0.000000 0.000000 0.000000 0.000000
0.000000 0.000000 3104.415110 -5228.438009 0.000000 0.000000 0.000000 0.000000 0.000000 0.000000 4.406054 -115.889584 -4784.860221 18.139424 3.996338 0.000000 0.000000 0.000000 0.000000 0.000000 0.000000 0.000000 1665.140767 0.000000 0.000000 0.000000 0.000000 0.000000 0.000000 0.000000
0.000000 0.000000 3191488.210000 -1161033.007000 0.000000 0.000000 0.000000 0.000000 0.000000 0.000000 1448.073449 230273.800500 -3580833.429000 -8458.544884 925.585493 0.000000 0.000000 0.000000 0.000000 0.000000 0.000000 0.000000 385660.622200 0.000000 0.000000 0.000000 0.000000 0.000000 0.000000 0.000000
0.000000 0.000000 0.000000 0.000000 5932.254297 -40.817635 0.000000 0.000000 0.000000 0.000000 0.000000 0.000000 3.996338 0.000000 -7661.045814 18.316189 4.113198 0.000000 0.000000 0.000000 0.000000 0.000000 0.000000 0.000000 1713.832505 0.000000 0.000000 0.000000 0.000000 0.000000
0.000000 0.000000 0.000000 0.000000 1609727.371000 -11075.258970 0.000000 0.000000 0.000000 0.000000 0.000000 0.000000 925.585505 107.386229 -2001646.978000 -8406.695040 932.655717 0.000000 0.000000 0.000000 0.000000 0.000000 0.000000 0.000000 388606.548700 0.000000 0.000000 0.000000 0.000000 0.000000
0.000000 0.000000 0.000000 0.000000 0.000000 0.000000 5883.990349 0.000000 0.000000 0.000000 0.000000 0.000000 0.000000 0.000000 4.113198 0.000000 -7696.620467 18.104876 4.313868 0.000000 0.000000 0.000000 0.000000 0.000000 0.000000 0.000000 1797.444805 0.000000 0.000000 0.000000
0.000000 0.000000 0.000000 0.000000 0.000000 0.000000 1358191.590000 77.968763 0.000000 0.000000 0.000000 0.000000 0.000000 0.000000 932.655717 106.745469 -1768227.295000 -8286.896912 975.836246 0.000000 0.000000 0.000000 0.000000 0.000000 0.000000 0.000000 406598.435800 0.000000 0.000000 0.000000
0.000000 0.000000 0.000000 0.000000 0.000000 0.000000 0.000000 0.000000 5949.181950 -249.692747 0.000000 0.000000 0.000000 0.000000 0.000000 0.000000 4.313868 0.000000 -7803.448276 27213.686810 0.000000 0.000000 0.000000 0.000000 0.000000 0.000000 0.000000 0.000000 1860.864283 0.000000
0.000000 0.000000 0.000000 0.000000 0.000000 0.000000 0.000000 0.000000 1318942.236000 -55328.319620 0.000000 0.000000 0.000000 0.000000 0.000000 0.000000 975.836246 105.614955 -1742394.920000 -3786246.201000 0.000000 0.000000 0.000000 0.000000 0.000000 0.000000 0.000000 0.000000 412629.020200 0.000000
0.000000 0.000000 0.000000 0.000000 0.000000 0.000000 0.000000 0.000000 0.000000 0.000000 1835.855946 -686.570395 0.000000 0.000000 0.000000 0.000000 0.000000 0.000000 0.000000 0.000000 -1873.019780 30.689874 25.519125 0.000000 0.000000 0.000000 0.000000 0.000000 0.000000 0.000000
0.000000 0.000000 0.000000 0.000000 0.000000 0.000000 0.000000 0.000000 0.000000 0.000000 575724.874300 712536.094600 0.000000 0.000000 0.000000 0.000000 0.000000 0.000000 0.000000 0.000000 -583907.683600 -14220.855320 5892.592752 0.000000 0.000000 0.000000 0.000000 0.000000 0.000000 0.000000
0.000000 0.000000 0.000000 0.000000 0.000000 0.000000 0.000000 0.000000 0.000000 0.000000 0.000000 0.000000 1665.140767 0.000000 0.000000 0.000000 0.000000 0.000000 0.000000 0.000000 25.519125 0.000000 -1728.230983 31.037944 25.979290 0.000000 0.000000 0.000000 0.000000 0.000000
0.000000 0.000000 0.000000 0.000000 0.000000 0.000000 0.000000 0.000000 0.000000 0.000000 0.000000 0.000000 385660.622200 261.580804 0.000000 0.000000 0.000000 0.000000 0.000000 0.000000 5892.592810 520.419025 -400061.430800 -14640.445490 5883.177730 0.000000 0.000000 0.000000 0.000000 0.000000
0.000000 0.000000 0.000000 0.000000 0.000000 0.000000 0.000000 0.000000 0.000000 0.000000 0.000000 0.000000 0.000000 0.000000 1713.832505 0.000000 0.000000 0.000000 0.000000 0.000000 0.000000 0.000000 25.979290 0.000000 -1778.573352 30.617826 27.334718 0.000000 0.000000 0.000000
0.000000 0.000000 0.000000 0.000000 0.000000 0.000000 0.000000 0.000000 0.000000 0.000000 0.000000 0.000000 0.000000 0.000000 388606.548700 80.723176 0.000000 0.000000 0.000000 0.000000 0.000000 0.000000 5883.177731 706.088111 -403257.263900 -14459.345430 6182.882675 0.000000 0.000000 0.000000
0.000000 0.000000 0.000000 0.000000 0.000000 0.000000 0.000000 0.000000 0.000000 0.000000 0.000000 0.000000 0.000000 0.000000 0.000000 0.000000 1797.444805 0.000000 0.000000 0.000000 0.000000 0.000000 0.000000 0.000000 27.334718 0.000000 -1864.784684 30.184152 28.739154 0.000000
0.000000 0.000000 0.000000 0.000000 0.000000 0.000000 0.000000 0.000000 0.000000 0.000000 0.000000 0.000000 0.000000 0.000000 0.000000 0.000000 406598.435800 51.700319 0.000000 0.000000 0.000000 0.000000 0.000000 0.000000 6182.882675 710.156036 -421829.647200 -14268.956760 6500.194181 0.000000
0.000000 0.000000 0.000000 0.000000 0.000000 0.000000 0.000000 0.000000 0.000000 0.000000 0.000000 0.000000 0.000000 0.000000 0.000000 0.000000 0.000000 0.000000 1860.864283 -272.685898 0.000000 0.000000 0.000000 0.000000 0.000000 0.000000 28.739154 0.000000 -1871.435647 44912.526670
0.000000 0.000000 0.000000 0.000000 0.000000 0.000000 0.000000 0.000000 0.000000 0.000000 0.000000 0.000000 0.000000 0.000000 0.000000 0.000000 0.000000 0.000000 413382.160700 -60465.513710 0.000000 0.000000 0.000000 0.000000 0.000000 0.000000 6500.194181 714.930415 -436930.454300 -6399179.018000
